4652203582307185388
4652203582307185396
4652203582307185396
4652203582307185396
4652203582307185396
4652203582307185396
4652203582307185394
4652203582307185396
4652203582307185394
4652203582307185396
4652203582307185394
4652203582307185396
4652203582307185412
4652203582307185396
4652203582307185420
4652203582307185396
4652203582307185396
4652203582307185404
4652203582307185412
4652203582307185412
4652203582307185412
4652203582307185412
4652203582307185384
4652203582307185384
4652203582307185398
4652203582307185398
4652203582307185398
4652203582307185398
4652203582307185430
4652203582307185404
4652203582307185404
4652203582307185384
4652203582307185398
4652203582307185398
4652203582307185398
4652203582307185394
4652203582307185394
4652203582307185394
4652203582307185396
4652203582307185396
4652203582307185396
4652203582307185394
4652203582307185394
4652203582307185394
4652203582307185394
4652203582307185394
4652203582307185394
4652203582307185416
4652203582307185394
4652203582307185394
4652203582307185394
4652203582307185436
4652203582307185394
4652203582307185412
4652203582307185412
4652203582307185412
4652203582307185402
4652203582307185402
4652203582307185402
4652203582307185420
4652203582307185420
4652203582307185390
4652203582307185412
4652203582307185390
4652203582307185420
4652203582307185480
4652203582307185420
4652203582307185402
4652203582307185402
4652203582307185394
4652203582307185394
4652203582307185394
4652203582307185396
4652203582307185396
4652203582307185396
4652203582307185396
4652203582307185396
4652203582307185396
4652203582307185396
4652203582307185394
4652203582307185396
4652203582307185394
4652203582307185396
4652203582307185394
4652203582307185396
4652203582307185396
4652203582307185396
4652203582307185396
4652203582307185384
4652203582307185384
4652203582307185384
4652203582307185384
4652203582307185384
4652203582307185384
4652203582307185384
4652203582307185384
4652203582307185398
4652203582307185398
4652203582307185398
4652203582307185398
4652203582307185398
4652203582307185398
4652203582307185398
4652203582307185398
4652203582307185384
4652203582307185396
4652203582307185394
4652203582307185396
4652203582307185394
4652203582307185394
4652203582307185394
4652203582307185384
4652203582307185394
4652203582307185396
4652203582307185384
4652203582307185414
4652203582307185404
4652203582307185394
4652203582307185394
4652203582307185416
4652203582307185396
4652203582307185396
4652203582307185412
4652203582307185390
4652203582307185402
4652203582307185390
4652203582307185390
4652203582307185390
4652203582307185390
4652203582307185390
4652203582307185412
4652203582307185412
4652203582307185420
4652203582307185420
4652203582307185398
4652203582307185390
4652203582307185390
4652203582307185390
4652203582307185396
4652203582307185394
4652203582307185384
4652203582307185384
4652203582307185384
4652203582307185388
4652203582307185412
4652203582307185422
4652203582307185420
4652203582307185422
4652203582307185422
4652203582307185422
4652203582307185414
4652203582307185414
4652203582307185412
4652203582307185412
4652203582307185412
4652203582307185412
4652203582307185390
4652203582307185418
4652203582307185398
4652203582307185400
4652203582307185398
4652203582307185398
4652203582307185426
4652203582307185390
4652203582307185392
4652203582307185396
4652203582307185396
4652203582307185396
4652203582307185392
4652203582307185418
4652203582307185438
4652203582307185424
4652203582307185424
4652203582307185424
4652203582307185394
4652203582307185396
4652203582307185396
4652203582307185390
4652203582307185398
4652203582307185400
4652203582307185406
4652203582307185404
4652203582307185402
4652203582307185384
4652203582307185386
4652203582307185396
4652203582307185384
4652203582307185384
4652203582307185384
4652203582307185384
4652203582307185434
4652203582307185410
4652203582307185404
4652203582307185402
4652203582307185388
4652203582307185390
4652203582307185390
4652203582307185390
4652203582307185396
4652203582307185412
4652203582307185412
4652203582307185412
4652203582307185412
4652203582307185412
4652203582307185390
4652203582307185412
4652203582307185412
4652203582307185412
4652203582307185396
4652203582307185412
4652203582307185412
4652203582307185412
4652203582307185388
4652203582307185390
4652203582307185394
4652203582307185396
4652203582307185394
4652203582307185430
4652203582307185430
4652203582307185390
4652203582307185390
4652203582307185390
4652203582307185388
4652203582307185390
4652203582307185392
4652203582307185392
4652203582307185420
4652203582307185426
4652203582307185424
4652203582307185424
4652203582307185396
4652203582307185424
4652203582307185392
4652203582307185602
4652203582307185600
4652203582307185602
4652203582307185602
4652203582307185598
4652203582307185416
4652203582307185412
4652203582307185404
4652203582307185404
4652203582307185384
4652203582307185404
4652203582307185394
4652203582307185394
4652203582307185396
4652203582307185402
4652203582307185404
4652203582307185404
4652203582307185386
4652203582307185386
4652203582307185384
4652203582307185404
4652203582307185404
4652203582307185404
4652203582307185404
4652203582307185402
4652203582307185404
4652203582307185404
4652203582307185404
4652203582307185426
4652203582307185406
4652203582307185412
4652203582307185412
4652203582307185414
4652203582307185412
4652203582307185410
4652203582307185410
4652203582307185390
4652203582307185396
4652203582307185394
4652203582307185390
4652203582307185390
4652203582307185412
4652203582307185402
4652203582307185406
4652203582307185404
4652203582307185404
4652203582307185404
4652203582307185404
4652203582307185436
4652203582307185412
4652203582307185416
4652203582307185420
4652203582307185420
4652203582307185550
4652203582307185390
4652203582307185390
4652203582307185390
4652203582307185422
4652203582307185414
4652203582307185414
4652203582307185414
4652203582307185412
4652203582307185414
4652203582307185414
4652203582307185412
4652203582307185414
4652203582307185384
4652203582307185384
4652203582307185384
4652203582307185384
4652203582307185384
4652203582307185384
4652203582307185384
4652203582307185384
4652203582307185398
4652203582307185396
4652203582307185390
4652203582307185390
4652203582307185406
4652203582307185402
4652203582307185404
4652203582307185384
4652203582307185384
4652203582307185384
4652203582307185384
4652203582307185406
4652203582307185404
4652203582307185408
4652203582307185406
4652203582307185406
4652203582307185404
4652203582307185426
4652203582307185424
4652203582307185436
4652203582307185420
4652203582307185394
4652203582307185394
4652203582307185420
4652203582307185420
4652203582307185420
4652203582307185422
4652203582307185412
4652203582307185412
4652203582307185422
4652203582307185394
4652203582307185406
4652203582307185420
4652203582307185420
4652203582307185480
4652203582307185402
4652203582307185402
4652203582307185412
4652203582307185412
4652203582307185396
4652203582307185396
4652203582307185422
4652203582307185626
4652203582307185420
4652203582307185394
4652203582307185396
4652203582307185396
4652203582307185394
4652203582307185420
4652203582307185420
4652203582307185412
4652203582307185412
4652203582307185412
4652203582307185412
4652203582307185412
4652203582307185410
4652203582307185414
4652203582307185412
4652203582307185404
4652203582307185404
4652203582307185406
4652203582307185406
4652203582307185404
4652203582307185406
4652203582307185406
4652203582307185562
4652203582307185396
4652203582307185398
4652203582307185388
4652203582307185396
4652203582307185396
4652203582307185390
4652203582307185390
4652203582307185394
4652203582307185394
4652203582307185384
4652203582307185394
4652203582307185402
4652203582307185412
4652203582307185414
4652203582307185390
4652203582307185600
4652203582307185588
4652203582307185384
4652203582307185390
4652203582307185392
4652203582307185602
4652203582307185600
4652203582307185596
4652203582307185598
4652203582307185390
4652203582307185394
4652203582307185414
4652203582307185412
4652203582307185412
4652203582307185412
4652203582307185412
4652203582307185418
4652203582307185412
4652203582307185406
4652203582307185404
4652203582307185406
4652203582307185406
4652203582307185408
4652203582307185390
4652203582307185404
4652203582307185402
4652203582307185402
4652203582307185430
4652203582307185412
4652203582307185416
4652203582307185418
4652203582307185386
4652203582307185384
4652203582307185562
4652203582307185594
4652203582307185396
4652203582307185404
4652203582307185424
4652203582307185426
4652203582307185424
4652203582307185398
4652203582307185398
4652203582307185396
4652203582307185394
4652203582307185398
4652203582307185398
4652203582307185594
4652203582307185404
4652203582307185404
4652203582307185404
4652203582307185406
4652203582307185404
4652203582307185404
4652203582307185404
4652203582307185404
4652203582307185590
4652203582307185584
4652203582307185404
4652203582307185426
4652203582307185426
4652203582307185406
4652203582307185404
4652203582307185384
4652203582307185418
4652203582307185420
4652203582307185386
4652203582307185386
4652203582307185592
4652203582307185616
4652203582307185404
4652203582307185404
4652203582307185398
4652203582307185398
4652203582307185398
4652203582307185426
4652203582307185426
4652203582307185524
4652203582307185420
4652203582307185426
4652203582307185422
4652203582307185396
4652203582307185422
4652203582307185434
4652203582307185426
4652203582307185426
4652203582307185420
4652203582307185420
4652203582307185420
4652203582307185412
4652203582307185404
4652203582307185404
4652203582307185384
4652203582307185386
4652203582307185420
4652203582307185420
4652203582307185390
4652203582307185394
4652203582307185416
4652203582307185412
4652203582307185412
4652203582307185422
4652203582307185420
4652203582307185390
4652203582307185390
4652203582307185384
4652203582307185412
4652203582307185412
4652203582307185412
4652203582307185412
4652203582307185436
4652203582307185436
4652203582307185392
4652203582307185564
4652203582307185396
4652203582307185398
4652203582307185394
4652203582307185396
4652203582307185424
4652203582307185446
4652203582307185434
4652203582307185434
4652203582307185436
4652203582307185468
4652203582307185422
4652203582307185396
4652203582307185396
4652203582307185396
4652203582307185404
4652203582307185404
4652203582307185422
4652203582307185390
4652203582307185384
4652203582307185404
4652203582307185436
4652203582307185404
4652203582307185406
4652203582307185404
4652203582307185436
4652203582307185406
4652203582307185402
4652203582307185404
4652203582307185576
4652203582307185412
4652203582307185552
4652203582307185390
4652203582307185406
4652203582307185434
4652203582307185434
4652203582307185436
4652203582307185412
4652203582307185412
4652203582307185434
4652203582307185426
4652203582307185424
4652203582307185434
4652203582307185436
4652203582307185434
4652203582307185426
4652203582307185426
4652203582307185424
4652203582307185416
4652203582307185426
4652203582307185434
4652203582307185424
4652203582307185424
4652203582307185394
4652203582307185394
4652203582307185394
4652203582307185394
4652203582307185396
4652203582307185396
4652203582307185394
4652203582307185394
4652203582307185394
4652203582307185394
4652203582307185384
4652203582307185384
4652203582307185386
4652203582307185384
4652203582307185404
4652203582307185384
4652203582307185404
4652203582307185396
4652203582307185412
4652203582307185412
4652203582307185396
4652203582307185602
4652203582307185390
4652203582307185396
4652203582307185394
4652203582307185414
4652203582307185412
4652203582307185412
4652203582307185406
4652203582307185384
4652203582307185384
4652203582307185384
4652203582307185384
4652203582307185384
4652203582307185384
4652203582307185384
4652203582307185384
4652203582307185394
4652203582307185404
4652203582307185404
4652203582307185404
4652203582307185404
4652203582307185404
4652203582307185404
4652203582307185404
4652203582307185404
4652203582307185404
4652203582307185384
4652203582307185402
4652203582307185428
4652203582307185424
4652203582307185396
4652203582307185392
4652203582307185392
4652203582307185396
4652203582307185448
4652203582307185394
4652203582307185398
4652203582307185396
4652203582307185412
4652203582307185412
4652203582307185390
4652203582307185390
4652203582307185388
4652203582307185408
4652203582307185414
4652203582307185396
4652203582307185420
4652203582307185420
4652203582307185420
4652203582307185412
4652203582307185414
4652203582307185414
4652203582307185404
4652203582307185406
4652203582307185402
4652203582307185402
4652203582307185384
4652203582307185404
4652203582307185404
4652203582307185384
4652203582307185396
4652203582307185402
4652203582307185404
4652203582307185402
4652203582307185384
4652203582307185426
4652203582307185444
4652203582307185448
4652203582307185430
4652203582307185428
4652203582307185404
4652203582307185384
4652203582307185398
4652203582307185406
4652203582307185404
4652203582307185402
4652203582307185394
4652203582307185384
4652203582307185396
4652203582307185578
4652203582307185576
4652203582307185576
4652203582307185396
4652203582307185394
4652203582307185414
4652203582307185412
4652203582307185412
4652203582307185412
4652203582307185412
4652203582307185412
4652203582307185398
4652203582307185412
4652203582307185398
4652203582307185386
4652203582307185384
4652203582307185384
4652203582307185384
4652203582307185384
4652203582307185398
4652203582307185402
4652203582307185404
4652203582307185386
4652203582307185386
4652203582307185386
4652203582307185398
4652203582307185398
4652203582307185396
4652203582307185560
4652203582307185590
4652203582307185590
4652203582307185602
4652203582307185390
4652203582307185418
4652203582307185420
4652203582307185420
4652203582307185420
4652203582307185420
4652203582307185420
4652203582307185422
4652203582307185414
4652203582307185406
4652203582307185404
4652203582307185426
4652203582307185384
4652203582307185394
4652203582307185394
4652203582307185394
4652203582307185404
4652203582307185404
4652203582307185404
4652203582307185394
4652203582307185384
4652203582307185404
4652203582307185386
4652203582307185390
4652203582307185396
4652203582307185394
4652203582307185396
4652203582307185390
4652203582307185420
4652203582307185394
4652203582307185436
4652203582307185436
4652203582307185436
4652203582307185384
4652203582307185384
4652203582307185420
4652203582307185426
4652203582307185426
4652203582307185426
4652203582307185426
4652203582307185426
4652203582307185426
4652203582307185412
4652203582307185412
4652203582307185426
4652203582307185426
4652203582307185426
4652203582307185426
4652203582307185396
4652203582307185398
4652203582307185412
4652203582307185412
4652203582307185398
4652203582307185422
4652203582307185464
4652203582307185422
4652203582307185398
4652203582307185424
4652203582307185460
4652203582307185464
4652203582307185462
4652203582307185462
4652203582307185384
4652203582307185390
4652203582307185392
4652203582307185392
4652203582307185500
4652203582307185394
4652203582307185500
4652203582307185500
4652203582307185390
4652203582307185480
4652203582307185436
4652203582307185448
4652203582307185446
4652203582307185444
4652203582307185440
4652203582307185390
4652203582307185388
4652203582307185424
4652203582307185384
4652203582307185386
4652203582307185384
4652203582307185394
4652203582307185412
4652203582307185412
4652203582307185396
4652203582307185384
4652203582307185386
4652203582307185384
4652203582307185414
4652203582307185412
4652203582307185422
4652203582307185426
4652203582307185426
4652203582307185424
4652203582307185464
4652203582307185412
4652203582307185398
4652203582307185402
4652203582307185404
4652203582307185404
4652203582307185396
4652203582307185394
4652203582307185396
4652203582307185396
4652203582307185446
4652203582307185446
4652203582307185500
4652203582307185500
4652203582307185436
4652203582307185434
4652203582307185412
4652203582307185412
4652203582307185412
4652203582307185404
4652203582307185412
4652203582307185396
4652203582307185508
4652203582307185414
4652203582307185384
4652203582307185412
4652203582307185386
4652203582307185384
4652203582307185384
4652203582307185412
4652203582307185424
4652203582307185424
4652203582307185548
4652203582307185384
4652203582307185384
4652203582307185384
4652203582307185392
4652203582307185396
4652203582307185404
4652203582307185404
4652203582307185400
4652203582307185396
4652203582307185392
4652203582307185448
4652203582307185446
4652203582307185444
4652203582307185448
4652203582307185448
4652203582307185434
4652203582307185392
4652203582307185434
4652203582307185422
4652203582307185428
4652203582307185424
4652203582307185426
4652203582307185434
4652203582307185426
4652203582307185384
4652203582307185446
4652203582307185414
4652203582307185384
4652203582307185384
4652203582307185408
4652203582307185608
4652203582307185394
4652203582307185422
4652203582307185554
4652203582307185384
4652203582307185420
4652203582307185396
4652203582307185386
4652203582307185396
4652203582307185404
4652203582307185404
4652203582307185404
4652203582307185396
4652203582307185404
4652203582307185436
4652203582307185442
4652203582307185444
4652203582307185446
4652203582307185448
4652203582307185446
4652203582307185446
4652203582307185436
4652203582307185388
4652203582307185436
4652203582307185446
4652203582307185412
4652203582307185390
4652203582307185396
4652203582307185390
4652203582307185398
4652203582307185412
4652203582307185384
4652203582307185386
4652203582307185384
4652203582307185412
4652203582307185424
4652203582307185424
4652203582307185550
4652203582307185546
4652203582307185584
4652203582307185398
4652203582307185446
4652203582307185386
4652203582307185384
4652203582307185388
4652203582307185390
4652203582307185388
4652203582307185384
4652203582307185410
4652203582307185424
4652203582307185424
4652203582307185424
4652203582307185424
4652203582307185424
4652203582307185422
4652203582307185424
4652203582307185420
4652203582307185412
4652203582307185410
4652203582307185412
4652203582307185412
4652203582307185394
4652203582307185550
4652203582307185384
4652203582307185386
4652203582307185384
4652203582307185456
4652203582307185548
4652203582307185384
4652203582307185384
4652203582307185384
4652203582307185424
4652203582307185424
4652203582307185548
4652203582307185394
4652203582307185396
4652203582307185394
4652203582307185396
4652203582307185404
4652203582307185404
4652203582307185404
4652203582307185396
4652203582307185394
4652203582307185394
4652203582307185396
4652203582307185446
4652203582307185394
4652203582307185446
4652203582307185394
4652203582307185394
4652203582307185390
4652203582307185390
4652203582307185388
4652203582307185384
4652203582307185390
4652203582307185434
4652203582307185398
4652203582307185398
4652203582307185402
4652203582307185384
4652203582307185384
4652203582307185384
4652203582307185384
4652203582307185410
4652203582307185412
4652203582307185424
4652203582307185388
4652203582307185388
4652203582307185412
4652203582307185386
4652203582307185384
4652203582307185384
4652203582307185412
4652203582307185418
4652203582307185420
4652203582307185420
4652203582307185426
4652203582307185424
4652203582307185386
4652203582307185386
4652203582307185384
4652203582307185420
4652203582307185394
4652203582307185396
4652203582307185396
4652203582307185396
4652203582307185432
4652203582307185410
4652203582307185396
4652203582307185394
4652203582307185384
4652203582307185394
4652203582307185396
4652203582307185388
4652203582307185412
4652203582307185412
4652203582307185412
4652203582307185412
4652203582307185388
4652203582307185398
4652203582307185394
4652203582307185398
4652203582307185426
4652203582307185426
4652203582307185426
4652203582307185424
4652203582307185414
4652203582307185416
4652203582307185420
4652203582307185422
4652203582307185420
4652203582307185420
4652203582307185418
4652203582307185434
4652203582307185404
4652203582307185406
4652203582307185406
4652203582307185420
4652203582307185412
4652203582307185420
4652203582307185394
4652203582307185404
4652203582307185404
4652203582307185404
4652203582307185398
4652203582307185588
4652203582307185394
4652203582307185384
4652203582307185396
4652203582307185400
4652203582307185384
4652203582307185384
4652203582307185384
4652203582307185404
4652203582307185396
4652203582307185394
4652203582307185390
4652203582307185388
4652203582307185390
4652203582307185404
4652203582307185388
4652203582307185404
4652203582307185384
4652203582307185528
4652203582307185528
4652203582307185404
4652203582307185388
4652203582307185404
4652203582307185404
4652203582307185420
4652203582307185404
4652203582307185412
4652203582307185412
4652203582307185398
4652203582307185384
4652203582307185394
4652203582307185420
4652203582307185396
4652203582307185420
4652203582307185396
4652203582307185416
4652203582307185418
4652203582307185412
4652203582307185416
4652203582307185390
4652203582307185390
4652203582307185390
4652203582307185388
4652203582307185388
4652203582307185414
4652203582307185452
4652203582307185398
4652203582307185398
4652203582307185426
4652203582307185422
4652203582307185414
4652203582307185414
4652203582307185420
4652203582307185394
4652203582307185394
4652203582307185394
4652203582307185414
4652203582307185412
4652203582307185404
4652203582307185406
4652203582307185396
4652203582307185396
4652203582307185396
4652203582307185396
4652203582307185394
4652203582307185404
4652203582307185404
4652203582307185402
4652203582307185406
4652203582307185384
4652203582307185508
4652203582307185424
4652203582307185436
4652203582307185436
4652203582307185442
4652203582307185446
4652203582307185426
4652203582307185426
4652203582307185396
4652203582307185394
4652203582307185388
4652203582307185390
4652203582307185390
4652203582307185390
4652203582307185412
4652203582307185596
4652203582307185406
4652203582307185572
4652203582307185404
4652203582307185420
4652203582307185480
4652203582307185402
4652203582307185402
4652203582307185402
4652203582307185402
4652203582307185404
4652203582307185404
4652203582307185406
4652203582307185384
4652203582307185396
4652203582307185420
4652203582307185394
4652203582307185394
4652203582307185384
4652203582307185394
4652203582307185388
4652203582307185388
4652203582307185384
4652203582307185390
4652203582307185412
4652203582307185388
4652203582307185384
4652203582307185388
4652203582307185388
4652203582307185588
4652203582307185586
4652203582307185412
4652203582307185384
4652203582307185588
4652203582307185384
4652203582307185404
4652203582307185398
4652203582307185398
4652203582307185390
4652203582307185384
4652203582307185396
4652203582307185394
4652203582307185390
4652203582307185390
4652203582307185406
4652203582307185396
4652203582307185394
4652203582307185396
4652203582307185384
4652203582307185400
4652203582307185404
4652203582307185404
4652203582307185396
4652203582307185394
4652203582307185508
4652203582307185388
4652203582307185396
4652203582307185404
4652203582307185404
4652203582307185404
4652203582307185600
4652203582307185396
4652203582307185394
4652203582307185396
4652203582307185394
4652203582307185394
4652203582307185394
4652203582307185390
4652203582307185596
4652203582307185386
4652203582307185396
4652203582307185388
4652203582307185388
4652203582307185404
4652203582307185390
4652203582307185390
4652203582307185390
4652203582307185390
4652203582307185384
4652203582307185384
4652203582307185446
4652203582307185384
4652203582307185384
4652203582307185422
4652203582307185384
4652203582307185524
4652203582307185420
4652203582307185422
4652203582307185444
4652203582307185436
4652203582307185412
4652203582307185436
4652203582307185412
4652203582307185412
4652203582307185412
4652203582307185446
4652203582307185414
4652203582307185412
4652203582307185404
4652203582307185384
4652203582307185384
4652203582307185404
4652203582307185406
4652203582307185404
4652203582307185404
4652203582307185404
4652203582307185404
4652203582307185406
4652203582307185448
4652203582307185396
4652203582307185394
4652203582307185406
4652203582307185402
4652203582307185396
4652203582307185396
4652203582307185394
4652203582307185396
4652203582307185390
4652203582307185412
4652203582307185420
4652203582307185420
4652203582307185386
4652203582307185588
4652203582307185384
4652203582307185390
4652203582307185394
4652203582307185396
4652203582307185394
4652203582307185390
4652203582307185384
4652203582307185384
4652203582307185388
4652203582307185388
4652203582307185390
4652203582307185390
4652203582307185390
4652203582307185390
4652203582307185388
4652203582307185390
4652203582307185384
4652203582307185384
4652203582307185384
4652203582307185384
4652203582307185398
4652203582307185398
4652203582307185398
4652203582307185398
4652203582307185404
4652203582307185404
4652203582307185404
4652203582307185412
4652203582307185418
4652203582307185384
4652203582307185384
4652203582307185384
4652203582307185560
4652203582307185396
4652203582307185406
4652203582307185426
4652203582307185426
4652203582307185418
4652203582307185558
4652203582307185414
4652203582307185396
4652203582307185414
4652203582307185420
4652203582307185420
4652203582307185414
4652203582307185466
4652203582307185402
4652203582307185404
4652203582307185406
4652203582307185406
4652203582307185404
4652203582307185404
4652203582307185402
4652203582307185586
4652203582307185404
4652203582307185404
4652203582307185404
4652203582307185404
4652203582307185390
4652203582307185404
4652203582307185412
4652203582307185420
4652203582307185540
4652203582307185554
4652203582307185552
4652203582307185384
4652203582307185592
4652203582307185396
4652203582307185406
4652203582307185402
4652203582307185398
4652203582307185422
4652203582307185398
4652203582307185424
4652203582307185524
4652203582307185420
4652203582307185422
4652203582307185424
4652203582307185390
4652203582307185420
4652203582307185392
4652203582307185398
4652203582307185426
4652203582307185396
4652203582307185396
4652203582307185420
4652203582307185412
4652203582307185404
4652203582307185404
4652203582307185386
4652203582307185420
4652203582307185394
4652203582307185384
4652203582307185404
4652203582307185394
4652203582307185394
4652203582307185390
4652203582307185412
4652203582307185420
4652203582307185422
4652203582307185384
4652203582307185384
4652203582307185396
4652203582307185410
4652203582307185412
4652203582307185410
4652203582307185412
4652203582307185436
4652203582307185394
4652203582307185392
4652203582307185394
4652203582307185398
4652203582307185384
4652203582307185396
4652203582307185394
4652203582307185422
4652203582307185444
4652203582307185434
4652203582307185458
4652203582307185436
4652203582307185444
4652203582307185450
4652203582307185398
4652203582307185404
4652203582307185404
4652203582307185404
4652203582307185404
4652203582307185424
4652203582307185412
4652203582307185404
4652203582307185422
4652203582307185404
4652203582307185396
4652203582307185396
4652203582307185420
4652203582307185390
4652203582307185400
4652203582307185526
4652203582307185402
4652203582307185602
4652203582307185412
4652203582307185524
4652203582307185424
4652203582307185406
4652203582307185406
4652203582307185482
4652203582307185478
4652203582307185384
4652203582307185586
4652203582307185384
4652203582307185426
4652203582307185506
4652203582307185436
4652203582307185436
4652203582307185426
4652203582307185426
4652203582307185426
4652203582307185426
4652203582307185424
4652203582307185416
4652203582307185426
4652203582307185426
4652203582307185426
4652203582307185394
4652203582307185384
4652203582307185384
4652203582307185384
4652203582307185394
4652203582307185384
4652203582307185384
4652203582307185394
4652203582307185396
4652203582307185426
4652203582307185386
4652203582307185384
4652203582307185466
4652203582307185506
4652203582307185386
4652203582307185404
4652203582307185386
4652203582307185436
4652203582307185436
4652203582307185552
4652203582307185548
4652203582307185550
4652203582307185390
4652203582307185390
4652203582307185436
4652203582307185482
4652203582307185482
4652203582307185480
4652203582307185384
4652203582307185384
4652203582307185580
4652203582307185384
4652203582307185384
4652203582307185384
4652203582307185586
4652203582307185588
4652203582307185480
4652203582307185412
4652203582307185390
4652203582307185384
4652203582307185390
4652203582307185410
4652203582307185384
4652203582307185398
4652203582307185412
4652203582307185420
4652203582307185548
4652203582307185384
4652203582307185424
4652203582307185480
4652203582307185390
4652203582307185388
4652203582307185482
4652203582307185394
4652203582307185396
4652203582307185394
4652203582307185424
4652203582307185388
4652203582307185390
4652203582307185526
4652203582307185526
4652203582307185526
4652203582307185390
4652203582307185398
4652203582307185482
4652203582307185484
4652203582307185448
4652203582307185446
4652203582307185446
4652203582307185446
4652203582307185436
4652203582307185436
4652203582307185424
4652203582307185424
4652203582307185426
4652203582307185384
4652203582307185384
4652203582307185396
4652203582307185412
4652203582307185416
4652203582307185400
4652203582307185384
4652203582307185384
4652203582307185426
4652203582307185384
4652203582307185384
4652203582307185506
4652203582307185510
4652203582307185512
4652203582307185508
4652203582307185424
4652203582307185590
4652203582307185390
4652203582307185402
4652203582307185528
4652203582307185528
4652203582307185396
4652203582307185394
4652203582307185396
4652203582307185396
4652203582307185396
4652203582307185396
4652203582307185396
4652203582307185396
4652203582307185550
4652203582307185396
4652203582307185550
4652203582307185436
4652203582307185432
4652203582307185436
4652203582307185390
4652203582307185384
4652203582307185390
4652203582307185446
4652203582307185410
4652203582307185412
4652203582307185504
4652203582307185384
4652203582307185550
4652203582307185390
4652203582307185424
4652203582307185552
4652203582307185550
4652203582307185396
4652203582307185396
4652203582307185396
4652203582307185394
4652203582307185402
4652203582307185404
4652203582307185404
4652203582307185394
4652203582307185396
4652203582307185434
4652203582307185446
4652203582307185446
4652203582307185498
4652203582307185446
4652203582307185446
4652203582307185436
4652203582307185394
4652203582307185426
4652203582307185422
4652203582307185426
4652203582307185424
4652203582307185424
4652203582307185384
4652203582307185396
4652203582307185424
4652203582307185394
4652203582307185384
4652203582307185396
4652203582307185396
4652203582307185384
4652203582307185394
4652203582307185388
4652203582307185478
4652203582307185392
4652203582307185396
4652203582307185394
4652203582307185390
4652203582307185396
4652203582307185394
4652203582307185436
4652203582307185436
4652203582307185434
4652203582307185384
4652203582307185384
4652203582307185418
4652203582307185424
4652203582307185424
4652203582307185424
4652203582307185424
4652203582307185424
4652203582307185426
4652203582307185426
4652203582307185530
4652203582307185390
4652203582307185424
4652203582307185424
4652203582307185424
4652203582307185394
4652203582307185536
4652203582307185422
4652203582307185420
4652203582307185418
4652203582307185384
4652203582307185466
4652203582307185412
4652203582307185412
4652203582307185426
4652203582307185466
4652203582307185466
4652203582307185384
4652203582307185412
4652203582307185464
4652203582307185384
4652203582307185388
4652203582307185526
4652203582307185394
4652203582307185394
4652203582307185396
4652203582307185398
4652203582307185388
4652203582307185480
4652203582307185436
4652203582307185436
4652203582307185446
4652203582307185446
4652203582307185446
4652203582307185392
4652203582307185390
4652203582307185424
4652203582307185386
4652203582307185386
4652203582307185386
4652203582307185588
4652203582307185588
4652203582307185406
4652203582307185438
4652203582307185384
4652203582307185422
4652203582307185548
4652203582307185412
4652203582307185416
4652203582307185424
4652203582307185426
4652203582307185426
4652203582307185426
4652203582307185396
4652203582307185386
4652203582307185548
4652203582307185400
4652203582307185404
4652203582307185404
4652203582307185396
4652203582307185394
4652203582307185404
4652203582307185448
4652203582307185446
4652203582307185446
4652203582307185446
4652203582307185446
4652203582307185498
4652203582307185498
4652203582307185498
4652203582307185436
4652203582307185434
4652203582307185388
4652203582307185390
4652203582307185412
4652203582307185412
4652203582307185448
4652203582307185414
4652203582307185384
4652203582307185542
4652203582307185384
4652203582307185412
4652203582307185412
4652203582307185426
4652203582307185552
4652203582307185588
4652203582307185384
4652203582307185398
4652203582307185384
4652203582307185394
4652203582307185400
4652203582307185404
4652203582307185404
4652203582307185396
4652203582307185396
4652203582307185428
4652203582307185446
4652203582307185444
4652203582307185446
4652203582307185446
4652203582307185446
4652203582307185446
4652203582307185392
4652203582307185390
4652203582307185426
4652203582307185426
4652203582307185426
4652203582307185426
4652203582307185426
4652203582307185446
4652203582307185396
4652203582307185410
4652203582307185400
4652203582307185384
4652203582307185384
4652203582307185412
4652203582307185384
4652203582307185418
4652203582307185420
4652203582307185554
4652203582307185384
4652203582307185404
4652203582307185404
4652203582307185386
4652203582307185398
4652203582307185404
4652203582307185404
4652203582307185404
4652203582307185394
4652203582307185396
4652203582307185446
4652203582307185448
4652203582307185444
4652203582307185496
4652203582307185446
4652203582307185448
4652203582307185446
4652203582307185448
4652203582307185436
4652203582307185398
4652203582307185424
4652203582307185384
4652203582307185398
4652203582307185396
4652203582307185412
4652203582307185396
4652203582307185410
4652203582307185384
4652203582307185542
4652203582307185384
4652203582307185622
4652203582307185406
4652203582307185426
4652203582307185554
4652203582307185588
4652203582307185398
4652203582307185424
4652203582307185398
4652203582307185548
4652203582307185546
4652203582307185572
4652203582307185572
4652203582307185384
4652203582307185390
4652203582307185436
4652203582307185422
4652203582307185424
4652203582307185424
4652203582307185424
4652203582307185424
4652203582307185426
4652203582307185426
4652203582307185412
4652203582307185446
4652203582307185426
4652203582307185426
4652203582307185404
4652203582307185394
4652203582307185404
4652203582307185412
4652203582307185396
4652203582307185392
4652203582307185384
4652203582307185386
4652203582307185404
4652203582307185404
4652203582307185404
4652203582307185402
4652203582307185404
4652203582307185384
4652203582307185384
4652203582307185384
4652203582307185384
4652203582307185400
4652203582307185402
4652203582307185560
4652203582307185558
4652203582307185552
4652203582307185404
4652203582307185394
4652203582307185396
4652203582307185394
4652203582307185394
4652203582307185396
4652203582307185394
4652203582307185388
4652203582307185412
4652203582307185406
4652203582307185406
4652203582307185404
4652203582307185386
4652203582307185386
4652203582307185396
4652203582307185426
4652203582307185426
4652203582307185404
4652203582307185398
4652203582307185404
4652203582307185384
4652203582307185398
4652203582307185426
4652203582307185398
4652203582307185426
4652203582307185466
4652203582307185466
4652203582307185384
4652203582307185398
4652203582307185562
4652203582307185384
4652203582307185384
4652203582307185426
4652203582307185404
4652203582307185406
4652203582307185386
4652203582307185402
4652203582307185406
4652203582307185404
4652203582307185386
4652203582307185388
4652203582307185384
4652203582307185412
4652203582307185384
4652203582307185406
4652203582307185406
4652203582307185390
4652203582307185390
4652203582307185386
4652203582307185414
4652203582307185418
4652203582307185390
4652203582307185388
4652203582307185384
4652203582307185396
4652203582307185402
4652203582307185406
4652203582307185406
4652203582307185404
4652203582307185384
4652203582307185396
4652203582307185404
4652203582307185404
4652203582307185390
4652203582307185390
4652203582307185386
4652203582307185390
4652203582307185396
4652203582307185394
4652203582307185398
4652203582307185412
4652203582307185436
4652203582307185422
4652203582307185384
4652203582307185406
4652203582307185404
4652203582307185384
4652203582307185384
4652203582307185404
4652203582307185404
4652203582307185388
4652203582307185390
4652203582307185390
4652203582307185414
4652203582307185418
4652203582307185390
4652203582307185412
4652203582307185384
4652203582307185384
4652203582307185386
4652203582307185386
4652203582307185384
4652203582307185386
4652203582307185384
4652203582307185410
4652203582307185412
4652203582307185384
4652203582307185406
4652203582307185388
4652203582307185390
4652203582307185390
4652203582307185390
4652203582307185394
4652203582307185404
4652203582307185390
4652203582307185426
4652203582307185424
4652203582307185412
4652203582307185412
4652203582307185384
4652203582307185412
4652203582307185412
4652203582307185414
4652203582307185420
4652203582307185420
4652203582307185420
4652203582307185420
4652203582307185420
4652203582307185416
4652203582307185420
4652203582307185422
4652203582307185394
4652203582307185384
4652203582307185404
4652203582307185384
4652203582307185384
4652203582307185384
4652203582307185386
4652203582307185386
4652203582307185384
4652203582307185384
4652203582307185384
4652203582307185412
4652203582307185394
4652203582307185384
4652203582307185384
4652203582307185444
4652203582307185406
4652203582307185412
4652203582307185404
4652203582307185404
4652203582307185406
4652203582307185412
4652203582307185384
4652203582307185388
4652203582307185412
4652203582307185412
4652203582307185394
4652203582307185420
4652203582307185420
4652203582307185420
4652203582307185420
4652203582307185420
4652203582307185420
4652203582307185420
4652203582307185420
4652203582307185388
4652203582307185412
4652203582307185406
4652203582307185404
4652203582307185404
4652203582307185404
4652203582307185420
4652203582307185386
4652203582307185404
4652203582307185420
4652203582307185404
4652203582307185572
4652203582307185384
4652203582307185420
4652203582307185390
4652203582307185384
4652203582307185402
4652203582307185384
4652203582307185386
4652203582307185404
4652203582307185404
4652203582307185386
4652203582307185386
4652203582307185384
4652203582307185384
4652203582307185384
4652203582307185406
4652203582307185404
4652203582307185390
4652203582307185388
4652203582307185408
4652203582307185416
4652203582307185418
4652203582307185412
4652203582307185406
4652203582307185396
4652203582307185420
4652203582307185444
4652203582307185450
4652203582307185444
4652203582307185406
4652203582307185384
4652203582307185398
4652203582307185404
4652203582307185404
4652203582307185390
4652203582307185390
4652203582307185390
4652203582307185390
4652203582307185396
4652203582307185398
4652203582307185398
4652203582307185398
4652203582307185384
4652203582307185468
4652203582307185408
4652203582307185402
4652203582307185384
4652203582307185384
4652203582307185386
4652203582307185404
4652203582307185406
4652203582307185404
4652203582307185390
4652203582307185390
4652203582307185386
4652203582307185416
4652203582307185390
4652203582307185412
4652203582307185384
4652203582307185384
4652203582307185384
4652203582307185384
4652203582307185388
4652203582307185386
4652203582307185390
4652203582307185412
4652203582307185432
4652203582307185402
4652203582307185404
4652203582307185388
4652203582307185412
4652203582307185412
4652203582307185392
4652203582307185390
4652203582307185390
4652203582307185384
4652203582307185426
4652203582307185426
4652203582307185412
4652203582307185412
4652203582307185412
4652203582307185412
4652203582307185412
4652203582307185422
4652203582307185420
4652203582307185420
4652203582307185422
4652203582307185412
4652203582307185412
4652203582307185426
4652203582307185420
4652203582307185384
4652203582307185420
4652203582307185384
4652203582307185402
4652203582307185386
4652203582307185402
4652203582307185384
4652203582307185386
4652203582307185386
4652203582307185384
4652203582307185384
4652203582307185426
4652203582307185386
4652203582307185418
4652203582307185400
4652203582307185404
4652203582307185404
4652203582307185414
4652203582307185412
4652203582307185404
4652203582307185404
4652203582307185412
4652203582307185412
4652203582307185404
4652203582307185390
4652203582307185412
4652203582307185412
4652203582307185420
4652203582307185422
4652203582307185420
4652203582307185420
4652203582307185420
4652203582307185420
4652203582307185422
4652203582307185424
4652203582307185396
4652203582307185384
4652203582307185412
4652203582307185404
4652203582307185406
4652203582307185404
4652203582307185404
4652203582307185412
4652203582307185406
4652203582307185404
4652203582307185414
4652203582307185390
4652203582307185390
4652203582307185390
4652203582307185386
4652203582307185464
4652203582307185384
4652203582307185384
4652203582307185386
4652203582307185384
4652203582307185390
4652203582307185384
4652203582307185422
4652203582307185550
4652203582307185384
4652203582307185386
4652203582307185384
4652203582307185384
4652203582307185384
4652203582307185390
4652203582307185482
4652203582307185390
4652203582307185438
4652203582307185444
4652203582307185390
4652203582307185384
4652203582307185384
4652203582307185412
4652203582307185420
4652203582307185466
4652203582307185458
4652203582307185424
4652203582307185412
4652203582307185446
4652203582307185424
4652203582307185424
4652203582307185390
4652203582307185390
4652203582307185390
4652203582307185392
4652203582307185392
4652203582307185402
4652203582307185412
4652203582307185446
4652203582307185410
4652203582307185464
4652203582307185428
4652203582307185466
4652203582307185466
4652203582307185384
4652203582307185506
4652203582307185426
4652203582307185424
4652203582307185388
4652203582307185390
4652203582307185390
4652203582307185440
4652203582307185392
4652203582307185390
4652203582307185388
4652203582307185384
4652203582307185404
4652203582307185386
4652203582307185386
4652203582307185386
4652203582307185384
4652203582307185436
4652203582307185446
4652203582307185452
4652203582307185468
4652203582307185426
4652203582307185390
4652203582307185420
4652203582307185390
4652203582307185392
4652203582307185480
4652203582307185482
4652203582307185390
4652203582307185466
4652203582307185390
4652203582307185434
4652203582307185388
4652203582307185434
4652203582307185436
4652203582307185436
4652203582307185396
4652203582307185446
4652203582307185394
4652203582307185396
4652203582307185498
4652203582307185446
4652203582307185436
4652203582307185396
4652203582307185412
4652203582307185412
4652203582307185384
4652203582307185548
4652203582307185554
4652203582307185384
4652203582307185384
4652203582307185548
4652203582307185554
4652203582307185466
4652203582307185404
4652203582307185384
4652203582307185448
4652203582307185448
4652203582307185408
4652203582307185424
4652203582307185426
4652203582307185390
4652203582307185390
4652203582307185468
4652203582307185466
4652203582307185390
4652203582307185390
4652203582307185426
4652203582307185388
4652203582307185436
4652203582307185436
4652203582307185396
4652203582307185446
4652203582307185394
4652203582307185446
4652203582307185394
4652203582307185394
4652203582307185434
4652203582307185390
4652203582307185390
4652203582307185446
4652203582307185440
4652203582307185424
4652203582307185426
4652203582307185428
4652203582307185388
4652203582307185390
4652203582307185384
4652203582307185384
4652203582307185390
4652203582307185388
4652203582307185390
4652203582307185390
4652203582307185390
4652203582307185394
4652203582307185396
4652203582307185394
4652203582307185396
4652203582307185396
4652203582307185396
4652203582307185394
4652203582307185394
4652203582307185394
4652203582307185394
4652203582307185394
4652203582307185396
4652203582307185396
4652203582307185394
4652203582307185394
4652203582307185394
4652203582307185394
4652203582307185394
4652203582307185384
4652203582307185384
4652203582307185384
4652203582307185384
4652203582307185386
4652203582307185390
4652203582307185396
4652203582307185412
4652203582307185422
4652203582307185420
4652203582307185392
4652203582307185390
4652203582307185394
4652203582307185392
4652203582307185390
4652203582307185390
4652203582307185390
4652203582307185384
4652203582307185384
4652203582307185384
4652203582307185384
4652203582307185386
4652203582307185386
4652203582307185386
4652203582307185384
4652203582307185384
4652203582307185384
4652203582307185386
4652203582307185386
4652203582307185384
4652203582307185384
4652203582307185384
4652203582307185384
4652203582307185412
4652203582307185412
4652203582307185412
4652203582307185556
4652203582307185402
4652203582307185412
4652203582307185430
4652203582307185412
4652203582307185388
4652203582307185390
4652203582307185392
4652203582307185446
4652203582307185444
4652203582307185398
4652203582307185398
4652203582307185412
4652203582307185390
4652203582307185390
4652203582307185390
4652203582307185390
4652203582307185388
4652203582307185388
4652203582307185414
4652203582307185394
4652203582307185420
4652203582307185420
4652203582307185394
4652203582307185410
4652203582307185410
4652203582307185412
4652203582307185402
4652203582307185402
4652203582307185402
4652203582307185384
4652203582307185404
4652203582307185404
4652203582307185404
4652203582307185404
4652203582307185406
4652203582307185404
4652203582307185412
4652203582307185396
4652203582307185404
4652203582307185442
4652203582307185444
4652203582307185446
4652203582307185446
4652203582307185404
4652203582307185384
4652203582307185398
4652203582307185398
4652203582307185404
4652203582307185404
4652203582307185396
4652203582307185394
4652203582307185390
4652203582307185396
4652203582307185396
4652203582307185396
4652203582307185396
4652203582307185396
4652203582307185394
4652203582307185390
4652203582307185412
4652203582307185412
4652203582307185412
4652203582307185392
4652203582307185396
4652203582307185412
4652203582307185412
4652203582307185412
4652203582307185442
4652203582307185416
4652203582307185386
4652203582307185384
4652203582307185548
4652203582307185548
4652203582307185426
4652203582307185424
4652203582307185424
4652203582307185598
4652203582307185402
4652203582307185412
4652203582307185398
4652203582307185398
4652203582307185404
4652203582307185404
4652203582307185404
4652203582307185396
4652203582307185394
4652203582307185446
4652203582307185448
4652203582307185446
4652203582307185446
4652203582307185446
4652203582307185446
4652203582307185440
4652203582307185434
4652203582307185426
4652203582307185424
4652203582307185426
4652203582307185424
4652203582307185384
4652203582307185398
4652203582307185424
4652203582307185426
4652203582307185466
4652203582307185394
4652203582307185396
4652203582307185384
4652203582307185466
4652203582307185390
4652203582307185392
4652203582307185396
4652203582307185394
4652203582307185390
4652203582307185390
4652203582307185420
4652203582307185396
4652203582307185436
4652203582307185436
4652203582307185434
4652203582307185384
4652203582307185592
4652203582307185422
4652203582307185426
4652203582307185426
4652203582307185424
4652203582307185424
4652203582307185424
4652203582307185424
4652203582307185424
4652203582307185424
4652203582307185412
4652203582307185412
4652203582307185390
4652203582307185390
4652203582307185396
4652203582307185412
4652203582307185424
4652203582307185424
4652203582307185412
4652203582307185426
4652203582307185386
4652203582307185414
4652203582307185414
4652203582307185384
4652203582307185464
4652203582307185466
4652203582307185386
4652203582307185390
4652203582307185390
4652203582307185390
4652203582307185528
4652203582307185534
4652203582307185396
4652203582307185396
4652203582307185394
4652203582307185390
4652203582307185390
4652203582307185440
4652203582307185486
4652203582307185396
4652203582307185394
4652203582307185394
4652203582307185446
4652203582307185390
4652203582307185426
4652203582307185424
4652203582307185384
4652203582307185388
4652203582307185384
4652203582307185396
4652203582307185394
4652203582307185448
4652203582307185416
4652203582307185384
4652203582307185384
4652203582307185412
4652203582307185412
4652203582307185424
4652203582307185424
4652203582307185424
4652203582307185384
4652203582307185466
4652203582307185424
4652203582307185386
4652203582307185396
4652203582307185404
4652203582307185404
4652203582307185404
4652203582307185396
4652203582307185394
4652203582307185398
4652203582307185396
4652203582307185448
4652203582307185498
4652203582307185448
4652203582307185500
4652203582307185502
4652203582307185436
4652203582307185426
4652203582307185412
4652203582307185412
4652203582307185482
4652203582307185412
4652203582307185384
4652203582307185562
4652203582307185446
4652203582307185412
4652203582307185386
4652203582307185384
4652203582307185548
4652203582307185384
4652203582307185384
4652203582307185424
4652203582307185384
4652203582307185384
4652203582307185398
4652203582307185398
4652203582307185398
4652203582307185394
4652203582307185402
4652203582307185406
4652203582307185404
4652203582307185396
4652203582307185396
4652203582307185430
4652203582307185446
4652203582307185446
4652203582307185448
4652203582307185446
4652203582307185448
4652203582307185434
4652203582307185438
4652203582307185426
4652203582307185422
4652203582307185424
4652203582307185426
4652203582307185424
4652203582307185384
4652203582307185426
4652203582307185400
4652203582307185450
4652203582307185418
4652203582307185384
4652203582307185384
4652203582307185416
4652203582307185464
4652203582307185410
4652203582307185416
4652203582307185416
4652203582307185388
4652203582307185384
4652203582307185384
4652203582307185466
4652203582307185420
4652203582307185384
4652203582307185384
4652203582307185384
4652203582307185388
4652203582307185384
4652203582307185424
4652203582307185420
4652203582307185426
4652203582307185426
4652203582307185426
4652203582307185424
4652203582307185416
4652203582307185414
4652203582307185404
4652203582307185404
4652203582307185404
4652203582307185406
4652203582307185390
4652203582307185384
4652203582307185390
4652203582307185384
4652203582307185384
4652203582307185452
4652203582307185384
4652203582307185552
4652203582307185412
4652203582307185420
4652203582307185424
4652203582307185554
4652203582307185584
4652203582307185466
4652203582307185528
4652203582307185384
4652203582307185394
4652203582307185400
4652203582307185402
4652203582307185404
4652203582307185396
4652203582307185394
4652203582307185404
4652203582307185394
4652203582307185396
4652203582307185394
4652203582307185396
4652203582307185446
4652203582307185390
4652203582307185388
4652203582307185412
4652203582307185412
4652203582307185396
4652203582307185412
4652203582307185412
4652203582307185412
4652203582307185396
4652203582307185402
4652203582307185452
4652203582307185420
4652203582307185384
4652203582307185384
4652203582307185412
4652203582307185384
4652203582307185424
4652203582307185422
4652203582307185544
4652203582307185384
4652203582307185384
4652203582307185384
4652203582307185384
4652203582307185384
4652203582307185552
4652203582307185390
4652203582307185390
4652203582307185384
4652203582307185386
4652203582307185420
4652203582307185426
4652203582307185426
4652203582307185426
4652203582307185426
4652203582307185424
4652203582307185420
4652203582307185420
4652203582307185420
4652203582307185412
4652203582307185412
4652203582307185410
4652203582307185412
4652203582307185412
4652203582307185412
4652203582307185460
4652203582307185422
4652203582307185418
4652203582307185384
4652203582307185384
4652203582307185424
4652203582307185426
4652203582307185424
4652203582307185556
4652203582307185548
4652203582307185412
4652203582307185398
4652203582307185398
4652203582307185548
4652203582307185388
4652203582307185390
4652203582307185390
4652203582307185384
4652203582307185386
4652203582307185396
4652203582307185426
4652203582307185426
4652203582307185426
4652203582307185426
4652203582307185426
4652203582307185426
4652203582307185424
4652203582307185424
4652203582307185426
4652203582307185426
4652203582307185426
4652203582307185426
4652203582307185426
4652203582307185426
4652203582307185424
4652203582307185426
4652203582307185426
4652203582307185424
4652203582307185426
4652203582307185424
4652203582307185424
4652203582307185384
4652203582307185384
4652203582307185384
4652203582307185454
4652203582307185446
4652203582307185424
4652203582307185426
4652203582307185426
4652203582307185384
4652203582307185396
4652203582307185466
4652203582307185384
4652203582307185394
4652203582307185424
4652203582307185424
4652203582307185426
4652203582307185424
4652203582307185428
4652203582307185480
4652203582307185482
4652203582307185436
4652203582307185466
4652203582307185460
4652203582307185458
4652203582307185412
4652203582307185412
4652203582307185420
4652203582307185420
4652203582307185412
4652203582307185406
4652203582307185404
4652203582307185412
4652203582307185412
4652203582307185404
4652203582307185398
4652203582307185418
4652203582307185390
4652203582307185404
4652203582307185422
4652203582307185412
4652203582307185426
4652203582307185426
4652203582307185426
4652203582307185398
4652203582307185426
4652203582307185426
4652203582307185402
4652203582307185426
4652203582307185384
4652203582307185426
4652203582307185396
4652203582307185426
4652203582307185404
4652203582307185386
4652203582307185384
4652203582307185384
4652203582307185384
4652203582307185384
4652203582307185426
4652203582307185384
4652203582307185384
4652203582307185426
4652203582307185426
4652203582307185424
4652203582307185384
4652203582307185414
4652203582307185420
4652203582307185396
4652203582307185412
4652203582307185414
4652203582307185412
4652203582307185404
4652203582307185402
4652203582307185384
4652203582307185404
4652203582307185426
4652203582307185426
4652203582307185426
4652203582307185426
4652203582307185398
4652203582307185398
4652203582307185384
4652203582307185394
4652203582307185394
4652203582307185394
4652203582307185394
4652203582307185426
4652203582307185384
4652203582307185384
4652203582307185384
4652203582307185384
4652203582307185426
4652203582307185398
4652203582307185398
4652203582307185466
4652203582307185426
4652203582307185424
4652203582307185384
4652203582307185384
4652203582307185384
4652203582307185386
4652203582307185384
4652203582307185384
4652203582307185398
4652203582307185404
4652203582307185402
4652203582307185386
4652203582307185386
4652203582307185452
4652203582307185384
4652203582307185396
4652203582307185398
4652203582307185406
4652203582307185404
4652203582307185598
4652203582307185602
4652203582307185390
4652203582307185396
4652203582307185394
4652203582307185420
4652203582307185394
4652203582307185396
4652203582307185394
4652203582307185394
4652203582307185412
4652203582307185406
4652203582307185404
4652203582307185384
4652203582307185384
4652203582307185396
4652203582307185386
4652203582307185404
4652203582307185384
4652203582307185394
4652203582307185394
4652203582307185420
4652203582307185394
4652203582307185420
4652203582307185436
4652203582307185394
4652203582307185404
4652203582307185406
4652203582307185394
4652203582307185384
4652203582307185394
4652203582307185394
4652203582307185394
4652203582307185394
4652203582307185416
4652203582307185394
4652203582307185394
4652203582307185412
4652203582307185404
4652203582307185404
4652203582307185404
4652203582307185412
4652203582307185394
4652203582307185394
4652203582307185394
4652203582307185404
4652203582307185412
4652203582307185412
4652203582307185404
4652203582307185394
4652203582307185384
4652203582307185394
4652203582307185384
4652203582307185394
4652203582307185396
4652203582307185394
4652203582307185394
4652203582307185404
4652203582307185436
4652203582307185384
4652203582307185420
4652203582307185394
4652203582307185414
4652203582307185416
4652203582307185394
4652203582307185384
4652203582307185384
4652203582307185384
4652203582307185384
4652203582307185384
4652203582307185420
4652203582307185420
4652203582307185394
4652203582307185420
4652203582307185420
4652203582307185394
4652203582307185420
4652203582307185420
4652203582307185384
4652203582307185384
4652203582307185384
4652203582307185384
4652203582307185384
4652203582307185420
4652203582307185420
4652203582307185420
4652203582307185404
4652203582307185436
4652203582307185634
4652203582307185630
4652203582307185568
4652203582307185540
4652203582307185532
4652203582307185616
4652203582307185588
4652203582307185520
4652203582307185522
4652203582307185594
4652203582307185622
4652203582307185618
4652203582307185590
4652203582307185484
4652203582307185602
4652203582307185584
4652203582307185628
4652203582307185574

18446744073709551615
